MAE: 33.40467
MAPE: 0.81155
RMSE: 48.65147
DirAcc: 50.19898
